Average females per simulations :             3.75479537E7
Average males per simulations   :             3.754764943E7
Average deaths per simulations  :             3.256174041E7
Average population size per simulations :     7.509560313E7
Average births per simulations          :     5.752501618E7

Average % females per simulations. :     50.0%
Average % males per simulations.   :     50.0%

------------ SIMULATION -------------

(1,8)

(2,41)

(3,234)

(4,1156)

(5,5654)

(6,28465)

(7,143895)

(8,717318)

(9,3573409)

(10,5660231)

(11,12211903)

(12,24998777)

(13,36236870)

(14,58500154)

(15,80779877)
------------ SIMULATION -------------

(1,8)

(2,36)

(3,178)

(4,801)

(5,4110)

(6,20473)

(7,102806)

(8,511098)

(9,2552082)

(10,4140666)

(11,9279188)

(12,17969255)

(13,27358167)

(14,40888325)

(15,63984830)
------------ SIMULATION -------------

(1,8)

(2,29)

(3,151)

(4,714)

(5,3804)

(6,18835)

(7,93864)

(8,470790)

(9,2350304)

(10,4099153)

(11,8691896)

(12,17855005)

(13,26507757)

(14,39457474)

(15,62027034)
------------ SIMULATION -------------

(1,8)

(2,29)

(3,132)

(4,642)

(5,3138)

(6,15174)

(7,75531)

(8,377738)

(9,1883376)

(10,9405783)

(11,16015609)

(12,23771230)

(13,37898442)

(14,63152539)

(15,92809825)
------------ SIMULATION -------------

(1,8)

(2,29)

(3,142)

(4,772)

(5,3915)

(6,19853)

(7,100164)

(8,499852)

(9,2498024)

(10,4233495)

(11,9252561)

(12,17592056)

(13,26448348)

(14,41352249)

(15,66584340)
------------ SIMULATION -------------

(1,8)

(2,19)

(3,82)

(4,351)

(5,1780)

(6,9256)

(7,46818)

(8,236039)

(9,1177887)

(10,5882973)

(11,9492000)

(12,20606198)

(13,30308277)

(14,45955060)

(15,64071493)
------------ SIMULATION -------------

(1,8)

(2,36)

(3,178)

(4,902)

(5,4469)

(6,22602)

(7,113411)

(8,564279)

(9,2819201)

(10,4881278)

(11,10470618)

(12,20234760)

(13,29601674)

(14,45948126)

(15,65485478)
------------ SIMULATION -------------

(1,8)

(2,29)

(3,160)

(4,709)

(5,3447)

(6,16898)

(7,84249)

(8,422720)

(9,2104880)

(10,10525649)

(11,16776601)

(12,24179860)

(13,40296588)

(14,65226593)

(15,90119528)
------------ SIMULATION -------------

(1,8)

(2,29)

(3,132)

(4,618)

(5,3067)

(6,14921)

(7,74138)

(8,368968)

(9,1842974)

(10,9210787)

(11,15075926)

(12,20985957)

(13,32890619)

(14,51319379)

(15,80340849)
------------ SIMULATION -------------

(1,8)

(2,41)

(3,180)

(4,912)

(5,4737)

(6,23472)

(7,117722)

(8,585977)

(9,2927887)

(10,4604555)

(11,10054494)

(12,19679301)

(13,30769642)

(14,49897156)

(15,77722663)
------------ SIMULATION -------------

(1,8)

(2,41)

(3,190)

(4,976)

(5,4827)

(6,23913)

(7,119660)

(8,595502)

(9,2976261)

(10,5140060)

(11,10830502)

(12,21785453)

(13,32307049)

(14,49653514)

(15,72988358)
------------ SIMULATION -------------

(1,8)

(2,29)

(3,132)

(4,603)

(5,3010)

(6,14586)

(7,73020)

(8,362249)

(9,1804730)

(10,9006504)

(11,15007190)

(12,21222511)

(13,32577526)

(14,54486087)

(15,82893421)
------------ SIMULATION -------------

(1,8)

(2,19)

(3,94)

(4,517)

(5,2874)

(6,14672)

(7,73770)

(8,369071)

(9,1842239)

(10,9200165)

(11,15031299)

(12,23109400)

(13,37912914)

(14,62284264)

(15,89239370)
------------ SIMULATION -------------

(1,8)

(2,16)

(3,29)

(4,148)

(5,702)

(6,3469)

(7,16807)

(8,84107)

(9,419968)

(10,2098120)

(11,10475979)

(12,17147191)

(13,23601171)

(14,39362946)

(15,65136886)
------------ SIMULATION -------------

(1,8)

(2,29)

(3,132)

(4,548)

(5,2927)

(6,14586)

(7,72870)

(8,365557)

(9,1824344)

(10,9113346)

(11,14530586)

(12,20350055)

(13,31843825)

(14,49800357)

(15,79120050)
------------ SIMULATION -------------

(1,8)

(2,19)

(3,76)

(4,226)

(5,1069)

(6,5573)

(7,28324)

(8,143312)

(9,716789)

(10,3586703)

(11,6095246)

(12,13242103)

(13,25291754)

(14,37391758)

(15,59004071)
------------ SIMULATION -------------

(1,8)

(2,36)

(3,178)

(4,902)

(5,4591)

(6,23227)

(7,116573)

(8,582883)

(9,2913097)

(10,4659973)

(11,10195915)

(12,19443416)

(13,29417534)

(14,47123067)

(15,75603898)
------------ SIMULATION -------------

(1,8)

(2,41)

(3,212)

(4,1096)

(5,5552)

(6,27861)

(7,139817)

(8,699452)

(9,3496529)

(10,5911179)

(11,12369871)

(12,25698537)

(13,37000826)

(14,57153851)

(15,80097864)
------------ SIMULATION -------------

(1,8)

(2,41)

(3,190)

(4,968)

(5,5015)

(6,25238)

(7,127401)

(8,635118)

(9,3169960)

(10,5175030)

(11,11156091)

(12,21691696)

(13,33620782)

(14,53143482)

(15,77725152)
------------ SIMULATION -------------

(1,8)

(2,41)

(3,196)

(4,868)

(5,4335)

(6,22090)

(7,111571)

(8,558223)

(9,2788035)

(10,4748743)

(11,10129737)

(12,20496676)

(13,30414842)

(14,48227214)

(15,68453839)
------------ SIMULATION -------------

(1,8)

(2,51)

(3,241)

(4,1273)

(5,6445)

(6,32387)

(7,162317)

(8,811783)

(9,4055047)

(10,6471252)

(11,13735745)

(12,27408982)

(13,41516815)

(14,65207728)

(15,96251791)
------------ SIMULATION -------------

(1,8)

(2,41)

(3,218)

(4,1068)

(5,5141)

(6,25281)

(7,126399)

(8,629850)

(9,3150052)

(10,5056633)

(11,10711034)

(12,20760218)

(13,31170300)

(14,47525818)

(15,66189818)
------------ SIMULATION -------------

(1,8)

(2,41)

(3,178)

(4,918)

(5,4513)

(6,22531)

(7,113426)

(8,567130)

(9,2838648)

(10,4913391)

(11,10382239)

(12,20963865)

(13,32070301)

(14,50920872)

(15,70559124)
------------ SIMULATION -------------

(1,8)

(2,51)

(3,265)

(4,1364)

(5,6912)

(6,34308)

(7,172059)

(8,860230)

(9,4299967)

(10,7220642)

(11,15966772)

(12,32135991)

(13,48873540)

(14,73375499)

(15,102944681)
------------ SIMULATION -------------

(1,8)

(2,61)

(3,324)

(4,1625)

(5,8473)

(6,42945)

(7,216236)

(8,1074857)

(9,5368990)

(10,8565579)

(11,18829746)

(12,28581904)

(13,44996259)

(14,71250994)

(15,106139059)
------------ SIMULATION -------------

(1,8)

(2,41)

(3,190)

(4,912)

(5,4608)

(6,23014)

(7,116060)

(8,577704)

(9,2888362)

(10,4605626)

(11,10415654)

(12,20185842)

(13,29505734)

(14,48014716)

(15,65671891)
------------ SIMULATION -------------

(1,8)

(2,29)

(3,121)

(4,610)

(5,3026)

(6,15221)

(7,75768)

(8,381398)

(9,1906917)

(10,9540216)

(11,16155194)

(12,24028808)

(13,38104834)

(14,62945363)

(15,86988652)
------------ SIMULATION -------------

(1,8)

(2,2)

(3,0)

(4,0)

(5,0)

(6,0)

(7,0)

(8,0)

(9,0)

(10,0)

(11,0)

(12,0)

(13,0)

(14,0)

(15,0)
------------ SIMULATION -------------

(1,8)

(2,29)

(3,160)

(4,699)

(5,3381)

(6,17104)

(7,86148)

(8,432352)

(9,2157801)

(10,3746819)

(11,8159562)

(12,16405276)

(13,23699382)

(14,38753094)

(15,64050012)
------------ SIMULATION -------------

(1,8)

(2,29)

(3,160)

(4,739)

(5,3681)

(6,18595)

(7,93315)

(8,465583)

(9,2325634)

(10,3931259)

(11,8737508)

(12,17012890)

(13,25993432)

(14,39219520)

(15,62561532)
------------ SIMULATION -------------

(1,8)

(2,41)

(3,180)

(4,824)

(5,4168)

(6,20458)

(7,102425)

(8,513010)

(9,2567872)

(10,4463072)

(11,9364665)

(12,19004623)

(13,29774222)

(14,46671608)

(15,73580912)
------------ SIMULATION -------------

(1,8)

(2,19)

(3,94)

(4,453)

(5,2383)

(6,11782)

(7,58957)

(8,293448)

(9,1465723)

(10,7323023)

(11,12622041)

(12,18162603)

(13,29304617)

(14,49079995)

(15,74082896)
------------ SIMULATION -------------

(1,8)

(2,19)

(3,102)

(4,528)

(5,2942)

(6,14712)

(7,74790)

(8,374205)

(9,1872536)

(10,9360026)

(11,14784085)

(12,20779995)

(13,31772309)

(14,51915629)

(15,86678020)
------------ SIMULATION -------------

(1,8)

(2,51)

(3,227)

(4,1157)

(5,5545)

(6,27563)

(7,138091)

(8,690333)

(9,3454380)

(10,5948388)

(11,12386582)

(12,25556177)

(13,36942573)

(14,59565624)

(15,87393438)
------------ SIMULATION -------------

(1,8)

(2,41)

(3,218)

(4,1127)

(5,5442)

(6,27008)

(7,135655)

(8,677487)

(9,3381568)

(10,5673739)

(11,12016219)

(12,24199402)

(13,37911009)

(14,60840574)

(15,84336229)
------------ SIMULATION -------------

(1,8)

(2,36)

(3,178)

(4,816)

(5,3891)

(6,19275)

(7,94499)

(8,470332)

(9,2350767)

(10,4076917)

(11,8399539)

(12,17416378)

(13,26096425)

(14,40145038)

(15,65949029)
------------ SIMULATION -------------

(1,8)

(2,29)

(3,160)

(4,819)

(5,4178)

(6,21226)

(7,105921)

(8,527489)

(9,2632010)

(10,4491518)

(11,9426663)

(12,19146599)

(13,29463682)

(14,45425249)

(15,70309316)
------------ SIMULATION -------------

(1,8)

(2,36)

(3,193)

(4,961)

(5,4909)

(6,25096)

(7,126933)

(8,633912)

(9,3158043)

(10,5375794)

(11,11170217)

(12,23117243)

(13,35544453)

(14,52537950)

(15,76211305)
------------ SIMULATION -------------

(1,8)

(2,51)

(3,265)

(4,1311)

(5,6611)

(6,33013)

(7,164073)

(8,823036)

(9,4110345)

(10,6592162)

(11,14777311)

(12,29107553)

(13,41861992)

(14,68670190)

(15,98153271)
------------ SIMULATION -------------

(1,8)

(2,61)

(3,310)

(4,1650)

(5,8404)

(6,42197)

(7,211760)

(8,1056433)

(9,5274370)

(10,8925135)

(11,19458523)

(12,31158321)

(13,45813151)

(14,66538713)

(15,98604330)
------------ SIMULATION -------------

(1,8)

(2,36)

(3,178)

(4,762)

(5,3967)

(6,20145)

(7,101762)

(8,508464)

(9,2536378)

(10,4031691)

(11,8848895)

(12,16957925)

(13,25289914)

(14,40150379)

(15,64317649)
------------ SIMULATION -------------

(1,8)

(2,29)

(3,160)

(4,894)

(5,4605)

(6,23436)

(7,117522)

(8,585717)

(9,2918352)

(10,4583525)

(11,10045796)

(12,20605168)

(13,31914180)

(14,48210773)

(15,70470751)
------------ SIMULATION -------------

(1,8)

(2,51)

(3,241)

(4,1252)

(5,6612)

(6,33144)

(7,164491)

(8,819861)

(9,4094330)

(10,7049663)

(11,15527538)

(12,31072258)

(13,47677632)

(14,73201063)

(15,107299227)
------------ SIMULATION -------------

(1,8)

(2,36)

(3,205)

(4,914)

(5,4540)

(6,22412)

(7,112115)

(8,561977)

(9,2805698)

(10,4541436)

(11,10002761)

(12,20344637)

(13,31090862)

(14,47883365)

(15,70314614)
------------ SIMULATION -------------

(1,8)

(2,41)

(3,190)

(4,976)

(5,4793)

(6,23875)

(7,120137)

(8,599137)

(9,2995964)

(10,4948432)

(11,10515965)

(12,21259596)

(13,33330990)

(14,49165688)

(15,70961280)
------------ SIMULATION -------------

(1,8)

(2,41)

(3,202)

(4,1008)

(5,5018)

(6,25313)

(7,127309)

(8,638696)

(9,3200017)

(10,5361853)

(11,11715608)

(12,22598897)

(13,33805526)

(14,54120105)

(15,76632682)
------------ SIMULATION -------------

(1,8)

(2,36)

(3,172)

(4,796)

(5,3938)

(6,20005)

(7,101248)

(8,505093)

(9,2529654)

(10,4265010)

(11,9150544)

(12,17722131)

(13,27035653)

(14,39734973)

(15,62469605)
------------ SIMULATION -------------

(1,8)

(2,16)

(3,78)

(4,335)

(5,1596)

(6,8076)

(7,39939)

(8,199467)

(9,998473)

(10,4985003)

(11,7927269)

(12,17267289)

(13,25253516)

(14,39928081)

(15,64245145)
------------ SIMULATION -------------

(1,8)

(2,29)

(3,142)

(4,696)

(5,3490)

(6,17317)

(7,86589)

(8,433335)

(9,2167150)

(10,3551879)

(11,7791939)

(12,14981813)

(13,23340725)

(14,34423617)

(15,57880030)
------------ SIMULATION -------------

(1,8)

(2,19)

(3,82)

(4,297)

(5,1419)

(6,6910)

(7,34474)

(8,172895)

(9,859719)

(10,4291815)

(11,7252751)

(12,15777556)

(13,23608664)

(14,35613694)

(15,55429146)
------------ SIMULATION -------------

(1,8)

(2,41)

(3,178)

(4,911)

(5,4303)

(6,20842)

(7,104564)

(8,522355)

(9,2609269)

(10,4273158)

(11,9509330)

(12,18939572)

(13,29445161)

(14,44367120)

(15,72303779)
------------ SIMULATION -------------

(1,8)

(2,29)

(3,151)

(4,714)

(5,3793)

(6,18898)

(7,94672)

(8,472661)

(9,2360553)

(10,3942127)

(11,8650535)

(12,16934848)

(13,25078859)

(14,39890673)

(15,64848576)
------------ SIMULATION -------------

(1,8)

(2,19)

(3,82)

(4,321)

(5,1488)

(6,7440)

(7,37276)

(8,186011)

(9,925612)

(10,4621910)

(11,7536884)

(12,16829568)

(13,25861759)

(14,39254676)

(15,63328737)
------------ SIMULATION -------------

(1,8)

(2,51)

(3,241)

(4,1189)

(5,6205)

(6,31097)

(7,156262)

(8,780117)

(9,3893491)

(10,6218335)

(11,13970146)

(12,28107692)

(13,43218839)

(14,69894598)

(15,101244251)
------------ SIMULATION -------------

(1,8)

(2,29)

(3,132)

(4,703)

(5,3528)

(6,17569)

(7,87571)

(8,437611)

(9,2183512)

(10,3610335)

(11,7894966)

(12,15601784)

(13,22800151)

(14,36360855)

(15,58367318)
------------ SIMULATION -------------

(1,8)

(2,41)

(3,204)

(4,1066)

(5,5454)

(6,27420)

(7,138569)

(8,692299)

(9,3455134)

(10,5859241)

(11,12411727)

(12,24429087)

(13,38529461)

(14,58794468)

(15,88135716)
------------ SIMULATION -------------

(1,8)

(2,51)

(3,220)

(4,1027)

(5,4987)

(6,25318)

(7,126381)

(8,633041)

(9,3163465)

(10,5331335)

(11,11618345)

(12,23637210)

(13,34364494)

(14,53854978)

(15,80405039)
------------ SIMULATION -------------

(1,8)

(2,41)

(3,234)

(4,1177)

(5,5755)

(6,28478)

(7,143220)

(8,715236)

(9,3575057)

(10,6073190)

(11,12945650)

(12,26511746)

(13,40484016)

(14,64343995)

(15,94114967)
------------ SIMULATION -------------

(1,8)

(2,36)

(3,155)

(4,788)

(5,3934)

(6,19537)

(7,97406)

(8,486634)

(9,2430454)

(10,3897871)

(11,8459085)

(12,17229315)

(13,26086766)

(14,38813522)

(15,62653853)
------------ SIMULATION -------------

(1,8)

(2,41)

(3,218)

(4,1057)

(5,5167)

(6,25655)

(7,128254)

(8,641439)

(9,3203564)

(10,5589689)

(11,12254759)

(12,23909614)

(13,37880849)

(14,55354143)

(15,77616380)
------------ SIMULATION -------------

(1,8)

(2,36)

(3,193)

(4,943)

(5,4797)

(6,23970)

(7,120583)

(8,600445)

(9,2995358)

(10,5101206)

(11,10639586)

(12,22152000)

(13,31685894)

(14,48476209)

(15,70654856)
------------ SIMULATION -------------

(1,8)

(2,61)

(3,320)

(4,1771)

(5,9312)

(6,46252)

(7,231301)

(8,1155119)

(9,5773483)

(10,9238570)

(11,20113865)

(12,31995459)

(13,49820089)

(14,70708744)

(15,99237933)
------------ SIMULATION -------------

(1,8)

(2,29)

(3,105)

(4,543)

(5,2489)

(6,12405)

(7,61756)

(8,309451)

(9,1546523)

(10,7725601)

(11,13460376)

(12,20189073)

(13,32254194)

(14,51221711)

(15,80243150)
------------ SIMULATION -------------

(1,8)

(2,41)

(3,196)

(4,987)

(5,4852)

(6,23390)

(7,117582)

(8,586720)

(9,2927527)

(10,5001090)

(11,10357322)

(12,20948464)

(13,31088512)

(14,47678215)

(15,67937229)
------------ SIMULATION -------------

(1,8)

(2,36)

(3,160)

(4,694)

(5,3558)

(6,18016)

(7,91596)

(8,457520)

(9,2286189)

(10,3952086)

(11,8393896)

(12,16584948)

(13,25855357)

(14,39119178)

(15,64115384)
------------ SIMULATION -------------

(1,8)

(2,41)

(3,169)

(4,703)

(5,3319)

(6,16144)

(7,81199)

(8,404762)

(9,2019489)

(10,10085271)

(11,16323179)

(12,23496474)

(13,37845845)

(14,61334866)

(15,87827233)
------------ SIMULATION -------------

(1,8)

(2,41)

(3,176)

(4,866)

(5,4311)

(6,21438)

(7,109048)

(8,545533)

(9,2731431)

(10,4480443)

(11,9886389)

(12,18746811)

(13,28889711)

(14,45882743)

(15,74216814)
------------ SIMULATION -------------

(1,8)

(2,36)

(3,193)

(4,983)

(5,4939)

(6,24946)

(7,125122)

(8,622934)

(9,3113099)

(10,5060991)

(11,10708422)

(12,20654290)

(13,31709825)

(14,50670035)

(15,72528290)
------------ SIMULATION -------------

(1,8)

(2,41)

(3,176)

(4,879)

(5,4404)

(6,22015)

(7,111449)

(8,556362)

(9,2779634)

(10,4817282)

(11,10042909)

(12,20869708)

(13,31706610)

(14,48302352)

(15,71713218)
------------ SIMULATION -------------

(1,8)

(2,29)

(3,151)

(4,744)

(5,3729)

(6,19002)

(7,95663)

(8,478188)

(9,2385067)

(10,3788947)

(11,8383950)

(12,16961922)

(13,24886063)

(14,39672114)

(15,64596935)
------------ SIMULATION -------------

(1,8)

(2,29)

(3,164)

(4,816)

(5,4030)

(6,19924)

(7,100191)

(8,500098)

(9,2498049)

(10,4119137)

(11,8695371)

(12,17284221)

(13,26724454)

(14,41320789)

(15,67501573)
------------ SIMULATION -------------

(1,8)

(2,36)

(3,155)

(4,715)

(5,3538)

(6,17932)

(7,89216)

(8,448603)

(9,2244697)

(10,3611812)

(11,8004322)

(12,15945715)

(13,23881726)

(14,35678924)

(15,55386263)
------------ SIMULATION -------------

(1,8)

(2,41)

(3,234)

(4,1177)

(5,6015)

(6,29500)

(7,147945)

(8,738811)

(9,3686097)

(10,6335348)

(11,13191575)

(12,26145015)

(13,41046050)

(14,63972580)

(15,89158438)
------------ SIMULATION -------------

(1,8)

(2,36)

(3,160)

(4,762)

(5,3960)

(6,19638)

(7,98460)

(8,491688)

(9,2457555)

(10,3929343)

(11,8381924)

(12,17015021)

(13,24531827)

(14,40391102)

(15,65181720)
------------ SIMULATION -------------

(1,8)

(2,19)

(3,76)

(4,366)

(5,1780)

(6,8936)

(7,44108)

(8,221593)

(9,1108956)

(10,5536967)

(11,9183953)

(12,19763865)

(13,29245257)

(14,44923252)

(15,65303964)
------------ SIMULATION -------------

(1,8)

(2,36)

(3,178)

(4,929)

(5,4529)

(6,22802)

(7,114219)

(8,567672)

(9,2835591)

(10,4692752)

(11,9963248)

(12,20570153)

(13,30542709)

(14,45119142)

(15,62947882)
------------ SIMULATION -------------

(1,8)

(2,41)

(3,169)

(4,859)

(5,4358)

(6,22363)

(7,111952)

(8,560111)

(9,2799677)

(10,4524286)

(11,9963520)

(12,20029613)

(13,29201177)

(14,44955036)

(15,65799693)
------------ SIMULATION -------------

(1,8)

(2,19)

(3,102)

(4,459)

(5,2475)

(6,12415)

(7,63209)

(8,316753)

(9,1583900)

(10,7914990)

(11,12761471)

(12,19214089)

(13,31332470)

(14,48060870)

(15,76045649)
------------ SIMULATION -------------

(1,8)

(2,51)

(3,250)

(4,1176)

(5,6150)

(6,30722)

(7,153861)

(8,768143)

(9,3828776)

(10,6017785)

(11,13715101)

(12,27166124)

(13,41208875)

(14,63887118)

(15,92585560)
------------ SIMULATION -------------

(1,8)

(2,41)

(3,176)

(4,879)

(5,4633)

(6,23086)

(7,116378)

(8,581058)

(9,2908234)

(10,4911924)

(11,10726798)

(12,21302905)

(13,33780427)

(14,50930568)

(15,77456153)
------------ SIMULATION -------------

(1,8)

(2,41)

(3,196)

(4,951)

(5,5132)

(6,25688)

(7,128356)

(8,639048)

(9,3192517)

(10,5344889)

(11,11298489)

(12,22301937)

(13,34912711)

(14,54332169)

(15,82216207)
------------ SIMULATION -------------

(1,8)

(2,36)

(3,199)

(4,939)

(5,4644)

(6,23365)

(7,117347)

(8,586682)

(9,2931955)

(10,4926012)

(11,10875794)

(12,21068037)

(13,31652499)

(14,50379387)

(15,68295923)
------------ SIMULATION -------------

(1,8)

(2,29)

(3,151)

(4,704)

(5,3534)

(6,17290)

(7,86631)

(8,434748)

(9,2175221)

(10,3678401)

(11,7879659)

(12,15729440)

(13,23648190)

(14,37926832)

(15,59472415)
------------ SIMULATION -------------

(1,8)

(2,19)

(3,138)

(4,670)

(5,3420)

(6,16766)

(7,82985)

(8,415855)

(9,2075665)

(10,10375545)

(11,16340189)

(12,23200216)

(13,39083125)

(14,60112541)

(15,85979464)
------------ SIMULATION -------------

(1,8)

(2,29)

(3,203)

(4,1100)

(5,5657)

(6,28783)

(7,145211)

(8,724899)

(9,3619016)

(10,6174619)

(11,13194389)

(12,26855805)

(13,39780713)

(14,63241579)

(15,93747156)
------------ SIMULATION -------------

(1,8)

(2,61)

(3,340)

(4,1833)

(5,9763)

(6,48905)

(7,243427)

(8,1214936)

(9,6065197)

(10,9531185)

(11,20989554)

(12,30692018)

(13,46624825)

(14,69774842)

(15,100229440)
------------ SIMULATION -------------

(1,8)

(2,19)

(3,120)

(4,568)

(5,3038)

(6,15128)

(7,74848)

(8,374081)

(9,1868279)

(10,9331147)

(11,15489844)

(12,22061177)

(13,35981547)

(14,57731262)

(15,82193776)
------------ SIMULATION -------------

(1,8)

(2,41)

(3,176)

(4,771)

(5,3831)

(6,18842)

(7,94279)

(8,472902)

(9,2369077)

(10,4009963)

(11,8376835)

(12,16979635)

(13,25707837)

(14,39969324)

(15,63370630)
------------ SIMULATION -------------

(1,8)

(2,29)

(3,164)

(4,753)

(5,3706)

(6,18523)

(7,93611)

(8,469294)

(9,2342317)

(10,3742265)

(11,8145412)

(12,16050457)

(13,24206687)

(14,38303468)

(15,58355797)
------------ SIMULATION -------------

(1,8)

(2,19)

(3,94)

(4,474)

(5,2677)

(6,13211)

(7,65065)

(8,323675)

(9,1617577)

(10,8085590)

(11,12821196)

(12,19071095)

(13,30714077)

(14,49227847)

(15,74371305)
------------ SIMULATION -------------

(1,8)

(2,41)

(3,190)

(4,807)

(5,3983)

(6,19837)

(7,100294)

(8,501862)

(9,2507533)

(10,4237855)

(11,9188171)

(12,18618220)

(13,27672297)

(14,43024856)

(15,70821076)
------------ SIMULATION -------------

(1,8)

(2,36)

(3,155)

(4,778)

(5,4103)

(6,19962)

(7,100802)

(8,505906)

(9,2529235)

(10,4051970)

(11,8936315)

(12,17453915)

(13,25784046)

(14,41463210)

(15,66244543)
------------ SIMULATION -------------

(1,8)

(2,41)

(3,144)

(4,617)

(5,3197)

(6,15847)

(7,80099)

(8,400628)

(9,2001722)

(10,9999521)

(11,15880498)

(12,24266705)

(13,38260769)

(14,63567806)

(15,90793345)
------------ SIMULATION -------------

(1,8)

(2,29)

(3,121)

(4,555)

(5,2680)

(6,13028)

(7,65008)

(8,327733)

(9,1639101)

(10,8184327)

(11,13470256)

(12,18598649)

(13,28571250)

(14,45217280)

(15,71136416)
------------ SIMULATION -------------

(1,8)

(2,41)

(3,212)

(4,1038)

(5,5301)

(6,26745)

(7,134143)

(8,669453)

(9,3349059)

(10,5824970)

(11,12372310)

(12,25096602)

(13,36999133)

(14,57535666)

(15,81724979)
------------ SIMULATION -------------

(1,8)

(2,41)

(3,190)

(4,927)

(5,4721)

(6,23659)

(7,119598)

(8,598763)

(9,2990697)

(10,5214919)

(11,10745901)

(12,21379261)

(13,33285017)

(14,51816647)

(15,77237814)
------------ SIMULATION -------------

(1,8)

(2,51)

(3,256)

(4,1199)

(5,5933)

(6,29478)

(7,147359)

(8,735974)

(9,3678587)

(10,5910976)

(11,13118753)

(12,25245672)

(13,39595731)

(14,63483106)

(15,96559415)
------------ SIMULATION -------------

(1,8)

(2,41)

(3,178)

(4,873)

(5,4571)

(6,22706)

(7,113622)

(8,569736)

(9,2855368)

(10,4483695)

(11,9637583)

(12,19056281)

(13,28156230)

(14,43534817)

(15,69850758)
------------ SIMULATION -------------

(1,8)

(2,41)

(3,178)

(4,813)

(5,4195)

(6,21625)

(7,108645)

(8,543337)

(9,2717103)

(10,4572460)

(11,9849057)

(12,20386478)

(13,31153389)

(14,49982237)

(15,75044951)
------------ SIMULATION -------------

(1,8)

(2,36)

(3,127)

(4,580)

(5,2810)

(6,13575)

(7,68168)

(8,338134)

(9,1689258)

(10,8445329)

(11,13518772)

(12,19440482)

(13,31413336)

(14,48013777)

(15,77594089)
